0.035527
1483.332037
1377.553547
1743.136973
2074.026616
1871.895856
2195.571049
2146.870874
2348.578239
2040.607893
2468.662054
2183.793628
2627.690919
2470.113675
2851.651288
2549.433491
2877.988843
2555.224141
2914.823423
2444.732708
3025.147784
2584.867797
3171.936074
2725.147407
3142.598115
2742.924893
3384.393158
2849.680801
3330.634608
3149.669916
3292.143392
2980.599626
3330.246428
3096.704909
3421.442630
3317.675054
3427.274851
3100.435314
3521.091692
2863.504732
4260.301752
3068.610999
3785.973088
4412.165350
3696.994665
4469.776066
4094.206528
4431.333682
3786.204662
4286.972625
