8660.409950
2974.011692
3713.717974
2946.988678
5150.095343
3163.420924
3952.285060
3146.712897
2658.484400
3255.474690
2563.119597
3318.917858
2447.676059
3351.436645
2556.867962
3353.065919
2598.854803
3153.354707
2567.917930
3167.675815
2555.483829
4322.269053
2628.172352
3327.990979
2499.897836
3219.058934
2234.954440
2957.665254
2481.529597
2770.060766
2312.519292
2793.361389
2084.378860
2771.369286
2226.830946
2659.590831
2063.570473
3630.971408
2343.125003
2516.485939
1943.073653
2512.782954
1898.593384
2248.425000
1691.914367
1924.607539
1569.279677
1206.306248
818.428169
0.024396
