8974.311655
3011.141801
3785.151280
2939.657390
5081.144378
3080.493478
3887.137208
3154.024746
2702.562639
3260.577023
2589.854726
3394.425287
2494.753648
3405.047215
2508.246916
3288.290037
2540.410300
3246.690264
2550.623941
3114.568136
2487.326328
4202.930327
2579.425992
3352.949236
2523.814135
3274.413155
2355.889288
3004.202229
2505.220924
2902.033527
2414.225739
2886.208874
2083.990839
2813.062640
2326.713494
2749.039443
2093.443398
3758.826659
2461.903001
2663.509757
2003.614935
2701.874847
2299.858956
2285.477968
1697.482746
1962.767519
1570.010434
1222.957911
822.702094
0.025518
