0.037761
1464.035678
1410.399912
1772.952901
2070.382904
1868.874289
2180.051922
2080.186899
2281.816228
1934.149282
2397.214292
2111.578487
2677.341259
2548.083092
2824.416986
2543.589093
2883.178070
2594.436054
2989.569416
2510.187475
3072.300053
2632.885614
3168.002008
2767.085812
3089.629278
2746.363075
3379.511737
2898.089729
3346.329012
3142.412079
3362.573377
3082.342917
3400.299736
3064.885088
3411.900992
3263.948966
3544.328446
3073.359524
3452.540821
2884.481631
4292.877726
3102.387988
3817.205479
4393.434804
3753.424197
4342.917828
3960.701028
4288.946041
3677.750306
4107.022748
