10703.559514
2973.188093
3685.405875
2980.115820
3752.662013
2983.778587
3678.252745
3024.391376
2588.245224
3094.292696
2474.985061
3046.417112
2497.116416
3268.539537
2380.662979
3165.944650
2387.548717
3169.857086
2478.199084
3081.756664
2360.220559
2990.473297
2250.377161
3062.312312
2260.149958
2916.468207
2264.523542
2606.113993
2273.039545
2676.737233
2052.967425
2658.463931
2081.968138
2569.582339
2200.640016
2621.750756
1969.730809
2467.092591
1996.895999
2434.091826
1850.684286
2191.035136
1764.628567
2132.580198
1629.100464
1794.747214
1369.836027
1109.486941
748.861256
0.023454
