10723.656432
2969.249883
3718.670577
3011.782169
3711.708832
2878.659929
3671.890362
3043.784537
2529.245635
3101.959175
2486.208660
3100.863865
2429.629423
3255.682175
2412.770079
3174.486733
2384.332077
3177.073610
2434.631081
3128.464061
2423.966020
3066.802805
2335.906195
3059.604614
2222.654894
2930.601765
2322.440566
2751.010285
2296.562808
2687.073117
2116.122462
2742.690505
2104.720664
2638.760418
2223.232521
2717.691721
1955.327920
2421.673248
2006.245287
2435.648304
1873.684366
2263.519984
1832.059607
2204.828592
1672.810974
1859.562861
1412.549790
1146.168164
785.811858
0.022873
