0.035597
1288.242332
1212.044692
1610.151468
1920.030834
1747.435966
2067.783764
1951.619335
2259.037321
1932.702040
2348.691364
2047.651614
2507.416403
2168.111386
2646.711182
2316.719183
2772.042257
2380.004576
2928.566956
2313.493124
2986.645254
2386.427187
3006.290738
2500.279989
3124.425586
2483.369961
3324.997510
2601.664329
3340.522534
2684.600885
3337.692902
2818.263492
3347.070029
2800.476303
3295.846256
3039.092640
3333.987942
3008.911199
3201.953028
2864.480517
3707.986079
2873.854249
3755.516395
4027.367529
3778.398759
4111.430056
3881.395862
4283.874882
3745.498862
4363.745151
