0.031289
1227.544284
1175.063299
1543.204145
1876.432262
1669.644061
1943.995768
1849.603092
2144.764299
1828.457181
2280.271254
1953.445256
2481.468291
2085.882439
2523.597310
2242.381016
2742.670231
2320.177926
2881.067411
2349.400504
3003.866520
2420.800463
3060.733773
2455.518948
3053.983439
2453.848967
3307.774364
2590.532224
3324.288828
2681.185586
3332.531417
2753.350604
3286.548171
2762.780205
3318.683848
3071.678062
3305.694642
3002.960286
3232.648920
2896.653749
3824.967244
2941.989158
3688.318902
3995.916625
3725.980320
3969.984783
3814.661196
4119.895843
3554.395136
4269.726944
