8842.084113
2971.064616
3774.629175
2925.863643
4761.983054
3124.492211
3824.750433
3143.227484
2746.882875
3297.593070
2577.469940
3295.810889
2492.102940
4300.418956
2622.012206
3373.991143
2606.122343
3276.338178
2627.522128
3237.624324
2573.209958
3984.993702
2567.000453
3262.732142
2466.160875
3227.891711
2305.092542
2926.804473
2452.201564
3583.404070
2427.507683
2845.768539
2211.725557
2827.647349
2236.748446
2694.917650
2031.749750
3454.954010
2268.893768
2513.618371
1893.781310
2446.301517
1865.491998
2246.126722
1647.878619
2462.193172
1515.842805
1145.261216
771.990680
0.022292
