0.034525
1478.190735
1360.803251
1731.153923
2075.237202
2065.641497
2313.366857
2273.980864
2443.273278
2140.049502
2543.778459
2293.339217
2678.708039
2446.716414
2706.384383
2423.222276
2779.136192
2504.934737
2903.948744
2423.504687
2980.384295
2747.118616
3104.850829
2673.310369
3028.366570
2688.113103
3285.846070
2802.790129
3198.711914
3069.637338
3256.489911
2997.969792
3309.410149
2959.695742
3331.784872
3241.163870
3494.524305
3226.710773
3622.429016
2876.363835
4202.794665
2994.901126
3702.222787
4184.690101
3588.317331
4358.789104
3980.196675
4296.413003
3672.489347
4150.579591
