0.036238
1463.237296
1341.046517
1661.745186
1987.626312
1975.312274
2195.946084
2157.003189
2319.390862
2026.136021
2411.144471
2146.568145
2669.624845
2460.846390
2731.743964
2470.646541
2779.449817
2517.658480
2874.101189
2446.065643
2950.953928
2738.054647
3064.953429
2719.918647
3010.462439
2672.408460
3277.078099
2816.638598
3299.407653
3084.337316
3276.458144
3008.785632
3273.893771
2965.175981
3415.233484
3376.585450
3596.388269
3352.723899
3574.500187
2967.263457
4265.778451
3091.781474
3803.401696
4363.290430
3767.997624
4456.077464
3981.729664
4308.497578
3658.338772
4125.845986
