8980.733662
3040.841136
3757.872119
2989.399618
4875.781057
3141.343320
3871.066368
3118.134979
2702.866885
3106.360939
2456.576485
3099.214921
2355.242399
4130.513799
2476.088204
3388.339948
2660.103824
3303.852249
2642.088389
3253.019343
2605.574259
3989.480272
2591.828651
3300.811432
2483.655403
3243.548704
2310.927370
2958.688858
2466.937357
3575.558901
2456.800557
2969.517732
2228.328261
2886.288488
2254.400837
2761.234138
2127.606737
3513.605075
2295.370165
2731.519884
1955.763725
2552.219701
1932.960617
2279.546421
1664.413014
2540.679142
1556.392916
1218.763612
819.771476
0.025378
